4.150000000000000500e-07 2.778200426738870049e-02
4.160000000000000193e-07 2.527473798137279057e-02
4.170000000000000415e-07 2.241454282480394300e-02
4.180000000000000107e-07 1.931571830047057459e-02
4.190000000000000329e-07 1.610109985241053518e-02
4.200000000000000022e-07 1.289744997371385440e-02
4.210000000000000244e-07 9.830539921500978939e-03
4.220000000000000465e-07 7.020103512328828427e-03
4.230000000000000158e-07 4.574896303205408001e-03
4.240000000000000380e-07 2.588129147325012210e-03
4.250000000000000072e-07 1.133555294470244479e-03
4.260000000000000294e-07 2.624689224022290555e-04
4.270000000000000516e-07 1.819358308885533411e-06
4.280000000000000209e-07 3.535642125933414820e-04
4.290000000000000431e-07 1.295286369166472659e-03
4.300000000000000123e-07 2.781997790715865209e-03
4.310000000000000345e-07 4.748961580694484146e-03
4.320000000000000037e-07 7.115294660493353025e-03
4.330000000000000259e-07 9.788074298275925567e-03
4.340000000000000481e-07 1.266666460089086073e-02
4.350000000000000174e-07 1.564700075917992844e-02
4.360000000000000396e-07 1.862561223682379294e-02
4.370000000000000088e-07 2.150322215115134730e-02
4.380000000000000310e-07 2.418781969428293946e-02
4.390000000000000532e-07 2.659715791658968931e-02
4.400000000000000224e-07 2.866067518578192808e-02
4.410000000000000446e-07 3.032087232059312715e-02
4.420000000000000139e-07 3.153419821524629241e-02
4.430000000000000361e-07 3.227150586429530787e-02
4.440000000000000053e-07 3.251814028486969127e-02
4.450000000000000275e-07 3.227371263344940011e-02
4.460000000000000497e-07 3.155160361078435810e-02
4.470000000000000189e-07 3.037822660657340038e-02
4.480000000000000411e-07 2.879206914667725020e-02
4.490000000000000104e-07 2.684252182062946829e-02
4.500000000000000326e-07 2.458849827270892865e-02
4.510000000000000018e-07 2.209684884677168282e-02
4.520000000000000240e-07 1.944057439969558432e-02
4.530000000000000462e-07 1.669685543478151291e-02
4.540000000000000155e-07 1.394492430367475985e-02
4.550000000000000376e-07 1.126382349216487402e-02
4.560000000000000069e-07 8.730109170783713346e-03
4.570000000000000291e-07 6.415574142301119082e-03
4.580000000000000513e-07 4.385075821004566846e-03
4.590000000000000205e-07 2.694560868795062725e-03
4.600000000000000427e-07 1.389377017683848976e-03
4.610000000000000120e-07 5.029536389661239289e-04
4.620000000000000342e-07 5.591597297949489506e-05
4.630000000000000034e-07 5.567484288096708530e-05
4.640000000000000256e-07 4.965062842399921858e-04
4.650000000000000478e-07 1.360106589750293554e-03
4.660000000000000170e-07 2.616580764301375955e-03
4.670000000000000392e-07 4.225799044235875081e-03
4.680000000000000085e-07 6.139039063485960193e-03
4.690000000000000307e-07 8.300821664864756894e-03
4.700000000000000528e-07 1.065084648619134614e-02
4.710000000000000221e-07 1.312593861385394009e-02
4.720000000000000443e-07 1.566192840226770383e-02
4.730000000000000135e-07 1.819540120017933138e-02
4.740000000000000357e-07 2.066527028039798208e-02
4.750000000000000050e-07 2.301414295801858245e-02
4.760000000000000272e-07 2.518946525229243116e-02
4.770000000000000494e-07 2.714444347554108988e-02
4.780000000000000186e-07 2.883875124151044633e-02
4.789999999999999879e-07 3.023903740063995510e-02
4.800000000000000630e-07 3.131925447799373263e-02
4.810000000000000322e-07 3.206082868416699344e-02
4.820000000000000015e-07 3.245269199672516647e-02
4.830000000000000766e-07 3.249119473107040662e-02
4.840000000000000459e-07 3.217991399259582941e-02
4.850000000000000151e-07 3.152936994116058156e-02
4.859999999999999844e-07 3.055665835333021274e-02
4.870000000000000595e-07 2.928500491051229046e-02
4.880000000000000287e-07 2.774324426597400001e-02
4.889999999999999980e-07 2.596522546550794272e-02
4.900000000000000731e-07 2.398914485122764784e-02
4.910000000000000424e-07 2.185680822199202733e-02
4.920000000000000116e-07 1.961282573198815105e-02
4.929999999999999809e-07 1.730374567199271379e-02
4.940000000000000560e-07 1.497713670276911574e-02
4.950000000000000252e-07 1.268063202466810681e-02
4.959999999999999945e-07 1.046095303146017674e-02
4.970000000000000696e-07 8.362933821804568318e-03
4.980000000000000389e-07 6.428571121914219283e-03
4.990000000000000081e-07 4.696126319571029481e-03
5.000000000000000833e-07 3.199307093498783994e-03
5.010000000000000525e-07 1.966555313543200990e-03
5.020000000000000218e-07 1.020465389627649936e-03
5.029999999999999910e-07 3.773531186289174840e-04
5.040000000000000661e-07 4.698953369623844135e-05
5.050000000000000354e-07 3.250765805600489580e-05
5.060000000000000046e-07 3.304828711832608914e-04
5.070000000000000798e-07 9.311803352230280323e-04
5.080000000000000490e-07 1.818956132817132988e-03
5.090000000000000183e-07 2.972792910253399274e-03
5.099999999999999875e-07 4.366946277468647906e-03
5.110000000000000626e-07 5.971675230089072001e-03
5.120000000000000319e-07 7.754028520257856376e-03
5.130000000000000011e-07 9.678659158874870772e-03
5.140000000000000763e-07 1.170864090308072758e-02
5.150000000000000455e-07 1.380626339705873229e-02
5.160000000000000148e-07 1.593378626379588284e-02
5.169999999999999840e-07 1.805413654562203554e-02
5.180000000000000591e-07 2.013153813412594390e-02
5.190000000000000284e-07 2.213206593018874832e-02
5.199999999999999976e-07 2.402412120665954609e-02
5.210000000000000728e-07 2.577882785084836814e-02
5.220000000000000420e-07 2.737035174925471839e-02
5.230000000000000113e-07 2.877614751039973134e-02
5.239999999999999805e-07 2.997713802037418537e-02
5.250000000000000557e-07 3.095783304432761160e-02
5.260000000000000249e-07 3.170639330526171806e-02
5.269999999999999942e-07 3.221464628316007134e-02
5.280000000000000693e-07 3.247805948172571150e-02
5.290000000000000385e-07 3.249567620411054902e-02
5.300000000000000078e-07 3.227001805365666692e-02
5.310000000000000829e-07 3.180695751188457321e-02
5.320000000000000522e-07 3.111556311362887947e-02
5.330000000000000214e-07 3.020791899647771311e-02
5.339999999999999907e-07 2.909891999492589254e-02
5.350000000000000658e-07 2.780604301390251359e-02
5.360000000000000350e-07 2.634909517545762012e-02
5.370000000000000043e-07 2.474993919937241993e-02
5.380000000000000794e-07 2.303219665544740946e-02
5.390000000000000487e-07 2.122093010346077016e-02
5.400000000000000179e-07 1.934230569665764538e-02
5.409999999999999872e-07 1.742323853574310674e-02
5.420000000000000623e-07 1.549102388216034264e-02
5.430000000000000315e-07 1.357295822233658099e-02
5.440000000000000008e-07 1.169595506170855587e-02
5.450000000000000759e-07 9.886161157233759947e-03
5.460000000000000452e-07 8.168579606972436319e-03
5.470000000000000144e-07 6.566706745112870121e-03
5.479999999999999837e-07 5.102190087405986466e-03
5.490000000000000588e-07 3.794514593560559344e-03
5.500000000000000281e-07 2.660724233083611168e-03
5.509999999999999973e-07 1.715185250811274023e-03
5.520000000000000724e-07 9.693966393594355933e-04
5.530000000000000417e-07 4.318521693089078070e-04
5.540000000000000109e-07 1.079569540464002386e-04
5.550000000000000861e-07 1.821687063701920680e-31
5.560000000000000553e-07 1.071825904401533852e-04
5.570000000000000246e-07 4.257007531050401288e-04
5.579999999999999938e-07 9.488785488031332592e-04
5.590000000000000689e-07 1.667347563253724057e-03
5.600000000000000382e-07 2.569266849291245575e-03
5.610000000000000074e-07 3.640576696926534680e-03
5.620000000000000826e-07 4.865279032174532267e-03
5.630000000000000518e-07 6.225736970646492813e-03
5.640000000000000211e-07 7.702986069192871259e-03
5.649999999999999903e-07 9.277050103052698546e-03
5.660000000000000654e-07 1.092725470912261909e-02
5.670000000000000347e-07 1.263253293147938508e-02
5.680000000000000039e-07 1.437171753191714141e-02
5.690000000000000791e-07 1.612381583394404544e-02
5.700000000000000483e-07 1.786826380399711423e-02
5.710000000000000176e-07 1.958515699438746413e-02
5.719999999999999868e-07 2.125545684163090629e-02
5.730000000000000620e-07 2.286117160248478386e-02
5.740000000000000312e-07 2.438551189778867187e-02
5.750000000000000004e-07 2.581302140886467672e-02
5.760000000000000756e-07 2.712968372790054705e-02
5.770000000000000448e-07 2.832300670384983038e-02
5.780000000000000141e-07 2.938208585538119866e-02
5.789999999999999833e-07 3.029764855248116145e-02
5.800000000000000585e-07 3.106208071121003417e-02
5.810000000000000277e-07 3.166943771596934104e-02
5.819999999999999970e-07 3.211544119517319856e-02
5.830000000000000721e-07 3.239746314393078530e-02
5.840000000000000413e-07 3.251449872502801264e-02
5.850000000000000106e-07 3.246712889982654449e-02
5.860000000000000857e-07 3.225747385505176729e-02
5.870000000000000550e-07 3.188913800974289836e-02
5.880000000000000242e-07 3.136714721734402966e-02
5.889999999999999935e-07 3.069787862803119438e-02
5.900000000000000686e-07 2.988898355149317496e-02
5.910000000000000378e-07 2.894930356476765540e-02
5.920000000000000071e-07 2.788878004634725433e-02
5.930000000000000822e-07 2.671835728834217813e-02
5.940000000000000515e-07 2.544987934353858117e-02
5.950000000000000207e-07 2.409598080307231646e-02
5.959999999999999900e-07 2.266997177133514563e-02
5.970000000000000651e-07 2.118571740467611875e-02
5.980000000000000343e-07 1.965751250541628026e-02
5.990000000000000036e-07 1.809995180753447286e-02
6.000000000000000787e-07 1.652779674907797411e-02
6.010000000000000480e-07 1.495583969201299754e-02
6.020000000000000172e-07 1.339876671538310637e-02
6.029999999999999865e-07 1.187102026441679177e-02
6.040000000000000616e-07 1.038666307860839494e-02
6.050000000000000309e-07 8.959244938078158443e-03
6.060000000000000001e-07 7.601673852479739341e-03
6.070000000000000752e-07 6.326093364147436678e-03
6.080000000000000445e-07 5.143767642084571753e-03
6.090000000000000137e-07 4.064976002408596419e-03
6.100000000000000889e-07 3.098918402461246606e-03
6.110000000000000581e-07 2.253633320383692778e-03
6.120000000000000274e-07 1.535929252080591324e-03
6.129999999999999966e-07 9.513308376434927768e-04
6.140000000000000717e-07 5.040403758299242349e-04
6.150000000000000410e-07 1.969152060115667274e-04
6.160000000000000102e-07 3.146114122137799832e-05
6.170000000000000854e-07 7.841833414900592017e-06
6.180000000000000546e-07 1.249036529407262196e-04
6.190000000000000239e-07 3.802153784049299942e-04
6.199999999999999931e-07 7.701217298077177526e-04
6.210000000000000682e-07 1.289809545097641121e-03
6.220000000000000375e-07 1.933385204716098378e-03
6.230000000000000067e-07 2.693961755144899228e-03
6.240000000000000819e-07 3.563754073890328892e-03
6.250000000000000511e-07 4.534180355811275043e-03
6.260000000000000204e-07 5.595968183435967580e-03
6.269999999999999896e-07 6.739263469472137925e-03
6.280000000000000648e-07 7.953740624216361702e-03
6.290000000000000340e-07 9.228712398990345997e-03
6.300000000000000033e-07 1.055323798326227545e-02
6.310000000000000784e-07 1.191622808142989848e-02
6.320000000000000476e-07 1.330654585891395160e-02
6.330000000000000169e-07 1.471310281990081612e-02
6.340000000000000920e-07 1.612494885484383814e-02
6.350000000000000613e-07 1.753135586933196599e-02
6.360000000000000305e-07 1.892189457251949175e-02
6.369999999999999998e-07 2.028650415915208768e-02
6.380000000000000749e-07 2.161555476135605322e-02
6.390000000000000441e-07 2.289990267262626694e-02
6.400000000000000134e-07 2.413093845553363273e-02
6.410000000000000885e-07 2.530062813595161664e-02
6.420000000000000578e-07 2.640154776011597107e-02
6.430000000000000270e-07 2.742691164714748317e-02
6.439999999999999963e-07 2.837059470977176118e-02
6.450000000000000714e-07 2.922714924122402427e-02
6.460000000000000406e-07 2.999181657825038608e-02
6.470000000000000099e-07 3.066053405045919208e-02
6.480000000000000850e-07 3.122993761677177876e-02
6.490000000000000543e-07 3.169736057218178193e-02
6.500000000000000235e-07 3.206082868416695875e-02
6.509999999999999928e-07 3.231905208956232373e-02
6.520000000000000679e-07 3.247141425103080431e-02
6.530000000000000372e-07 3.251795823885889059e-02
6.540000000000000064e-07 3.245937056991136938e-02
6.550000000000000815e-07 3.229696280231829364e-02
6.560000000000000508e-07 3.203265105279706759e-02
6.570000000000000200e-07 3.166893357424799271e-02
6.579999999999999893e-07 3.120886650508987101e-02
6.590000000000000644e-07 3.065603787925928400e-02
6.600000000000000337e-07 3.001453996731763899e-02
6.610000000000000029e-07 2.928894000498762779e-02
6.620000000000000780e-07 2.848424935587225842e-02
6.630000000000000473e-07 2.760589115018164189e-02
6.640000000000000165e-07 2.665966644097641364e-02
6.650000000000000917e-07 2.565171892363291711e-02
6.660000000000000609e-07 2.458849827270883151e-02
6.670000000000000302e-07 2.347672216285092567e-02
6.679999999999999994e-07 2.232333705643576097e-02
6.690000000000000745e-07 2.113547785979004792e-02
6.700000000000000438e-07 1.992042657154241558e-02
6.710000000000000130e-07 1.868557007028541495e-02
6.720000000000000882e-07 1.743835721358381191e-02
6.730000000000000574e-07 1.618625544570057723e-02
6.740000000000000267e-07 1.493670713646771606e-02
6.749999999999999959e-07 1.369708589768691386e-02
6.760000000000000711e-07 1.247465314551554801e-02
6.770000000000000403e-07 1.127651519670238960e-02
6.780000000000000096e-07 1.010958120252297872e-02
6.790000000000000847e-07 8.980522236185929652e-03
6.800000000000000539e-07 7.895731856699651774e-03
6.810000000000000232e-07 6.861288474258465941e-03
6.819999999999999924e-07 5.882919838738714241e-03
6.830000000000000676e-07 4.965969963663426599e-03
6.840000000000000368e-07 4.115368782939910278e-03
6.850000000000000061e-07 3.335604816862230461e-03
6.860000000000000812e-07 2.630701097558015098e-03
6.870000000000000504e-07 2.004194572635700517e-03
6.880000000000000197e-07 1.459119169807468258e-03
6.890000000000000948e-07 9.979926654060040144e-04
6.900000000000000641e-07 6.228074567682732312e-04
6.910000000000000333e-07 3.350252933166171141e-04
6.920000000000000026e-07 1.355759747736908036e-04
6.930000000000000777e-07 2.485997827883766156e-05
6.940000000000000469e-07 2.754930219113752409e-06
6.950000000000000162e-07 6.862579430015790173e-05
6.960000000000000913e-07 2.213386056639350078e-04
6.970000000000000606e-07 4.592775425255713026e-04
6.980000000000000298e-07 7.803650925670244532e-04
6.989999999999999991e-07 1.182085041773755715e-03
7.000000000000000742e-07 1.661507988990749106e-03
7.010000000000000435e-07 2.215319070505003193e-03
7.020000000000000127e-07 2.839847565600698599e-03
7.030000000000000878e-07 3.531098046286595092e-03
7.040000000000000571e-07 4.284782732149454779e-03
7.050000000000000263e-07 5.096354714288713235e-03
7.059999999999999956e-07 5.961041720176057934e-03
7.070000000000000707e-07 6.873880103616980194e-03
7.080000000000000400e-07 7.829748760236168378e-03
7.090000000000000092e-07 8.823402688490787973e-03
7.100000000000000843e-07 9.849505938528530652e-03
7.110000000000000536e-07 1.090266371562146827e-02
7.120000000000000228e-07 1.197745343080954331e-02
7.129999999999999921e-07 1.306845451817599882e-02
7.140000000000000672e-07 1.417027686529132718e-02
7.150000000000000365e-07 1.527758773028311048e-02
7.160000000000000057e-07 1.638513704525483561e-02
7.170000000000000808e-07 1.748778103098231479e-02
7.180000000000000501e-07 1.858050407162368384e-02
7.190000000000000193e-07 1.965843882031711662e-02
7.200000000000000945e-07 2.071688452679240275e-02
7.210000000000000637e-07 2.175132359634873030e-02
7.220000000000000330e-07 2.275743640565440137e-02
7.230000000000000022e-07 2.373111441476815492e-02
7.240000000000000774e-07 2.466847162657981665e-02
7.250000000000000466e-07 2.556585445455990258e-02
7.260000000000000159e-07 2.641985006739322461e-02
7.270000000000000910e-07 2.722729328483875985e-02
7.280000000000000602e-07 2.798527210316886088e-02
7.290000000000000295e-07 2.869113193092341640e-02
7.299999999999999987e-07 2.934247861663463047e-02
7.310000000000000739e-07 2.993718034981310977e-02
7.320000000000000431e-07 3.047336851498667204e-02
7.330000000000000124e-07 3.094943757613642654e-02
7.340000000000000875e-07 3.136404406562263991e-02
7.350000000000000567e-07 3.171610474781615813e-02
7.360000000000000260e-07 3.200479402327267853e-02
7.369999999999999952e-07 3.222954063456499180e-02
7.380000000000000704e-07 3.239002372994101431e-02
7.390000000000000396e-07 3.248616833591805309e-02
7.400000000000000089e-07 3.251814028486969127e-02
7.410000000000000840e-07 3.248634063869493965e-02
7.420000000000000532e-07 3.239139964487097734e-02
7.430000000000000225e-07 3.223417025664619684e-02
7.440000000000000976e-07 3.201572124489654447e-02
7.450000000000000669e-07 3.173732992529375296e-02
7.460000000000000361e-07 3.140047452095905828e-02
7.470000000000000054e-07 3.100682617774281127e-02
7.480000000000000805e-07 3.055824064669274837e-02
7.490000000000000498e-07 3.005674964617735881e-02
7.500000000000000190e-07 2.950455191452350939e-02
