1.239999999999999986e-06 2.344046523099491353e+00 2.654776620385974114e-03
1.233820598006644462e-06 2.345382251705144139e+00 2.679962114328315187e-03
1.227702479338842939e-06 2.346730656352224109e+00 2.705407782461192578e-03
1.221644736842105280e-06 2.348091868319807318e+00 2.731117735547439716e-03
1.215646481178396153e-06 2.349466020964057211e+00 2.757096162432114746e-03
1.209706840390879523e-06 2.350853249757754782e+00 2.783347331874852938e-03
1.203824959481361232e-06 2.352253692330756873e+00 2.809875594432478807e-03
1.197999999999999795e-06 2.353667488511411943e+00 2.836685384393480402e-03
1.192231139646869935e-06 2.355094780368952812e+00 2.863781221765999800e-03
1.186517571884983931e-06 2.356535712256901505e+00 2.891167714321038560e-03
1.180858505564387930e-06 2.357990430857509701e+00 2.918849559692651870e-03
1.175253164556961996e-06 2.359459085227261443e+00 2.946831547536994493e-03
1.169700787401574715e-06 2.360941826843475422e+00 2.975118561752082471e-03
1.164200626959247611e-06 2.362438809652029015e+00 3.003715582760275917e-03
1.158751950078003267e-06 2.363950190116243633e+00 3.032627689855519476e-03
1.153354037267080785e-06 2.365476127266959327e+00 3.061860063617461575e-03
1.148006182380216402e-06 2.367016782753833759e+00 3.091417988394656868e-03
1.142707692307692168e-06 2.368572320897902372e+00 3.121306854859131740e-03
1.137457886676875917e-06 2.370142908745433541e+00 3.151532162634691162e-03
1.132256097560975553e-06 2.371728716123118641e+00 3.182099523001424152e-03
1.127101669195751002e-06 2.373329915694631254e+00 3.213014661678940519e-03
1.121993957703927377e-06 2.374946683018605675e+00 3.244283421691018625e-03
1.116932330827067552e-06 2.376579196608060052e+00 3.275911766314388955e-03
1.111916167664670763e-06 2.378227637991324084e+00 3.307905782114521458e-03
1.106944858420268345e-06 2.379892191774504173e+00 3.340271682071376501e-03
1.102017804154302714e-06 2.381573045705531744e+00 3.373015808798201631e-03
1.097134416543574668e-06 2.383270390739854250e+00 3.406144637856567750e-03
1.092294117647058899e-06 2.384984421107799957e+00 3.439664781170975391e-03
1.087496339677891821e-06 2.386715334383680887e+00 3.473582990546487947e-03
1.082740524781340951e-06 2.388463331556682334e+00 3.507906161292958895e-03
1.078026124818577505e-06 2.390228617103587805e+00 3.542641335959623421e-03
1.073352601156069286e-06 2.392011399063405541e+00 3.577795708183902513e-03
1.068719424460431631e-06 2.393811889113946378e+00 3.613376626658462709e-03
1.064126074498567232e-06 2.395630302650416432e+00 3.649391599220737793e-03
1.059572039942938560e-06 2.397466858866086792e+00 3.685848297069270908e-03
1.055056818181818293e-06 2.399321780835105944e+00 3.722754559111412977e-03
1.050579915134370591e-06 2.401195295597516655e+00 3.760118396447119718e-03
1.046140845070422601e-06 2.403087634246554138e+00 3.797947996993754783e-03
1.041739130434782624e-06 2.404999032018292571e+00 3.836251730257030784e-03
1.037374301675977465e-06 2.406929728383710998e+00 3.875038152253405550e-03
1.033045897079276614e-06 2.408879967143267908e+00 3.914316010589504249e-03
1.028753462603878120e-06 2.410849996524048411e+00 3.954094249704356162e-03
1.024496551724137974e-06 2.412840069279578614e+00 3.994382016280441719e-03
1.020274725274725294e-06 2.414850442792389362e+00 4.035188664829875496e-03
1.016087551299589570e-06 2.416881379179419032e+00 4.076523763462234703e-03
1.011934604904632201e-06 2.418933145400344209e+00 4.118397099840871885e-03
1.007815468113975594e-06 2.421006013368940391e+00 4.160818687334828965e-03
1.003729729729729656e-06 2.423100260067568179e+00 4.203798771373767722e-03
9.996769851951548928e-07 2.425216167664889788e+00 4.247347836013648341e-03
9.956568364611259744e-07 2.427354023636922431e+00 4.291476610721262422e-03
9.916688918558078768e-07 2.429514120891540063e+00 4.336196077385984400e-03
9.877127659574469935e-07 2.431696757896540717e+00 4.381517477567614498e-03
9.837880794701986463e-07 2.433902238811398444e+00 4.427452319989424838e-03
9.798944591029022710e-07 2.436130873622823323e+00 4.474012388286029498e-03
9.760315374507227508e-07 2.438382978284261871e+00 4.521209749016100871e-03
9.721989528795810291e-07 2.440658874859474636e+00 4.569056759950348469e-03
9.683963494132986161e-07 2.442958891670321986e+00 4.617566078645730585e-03
9.646233766233765797e-07 2.445283363448918834e+00 4.666750671317296782e-03
9.608796895213454924e-07 2.447632631494293332e+00 4.716623822019613485e-03
9.571649484536081975e-07 2.450007043833720921e+00 4.767199142150232299e-03
9.534788189987162052e-07 2.452406955388890974e+00 4.818490580288288701e-03
9.498209718670076182e-07 2.454832728147077425e+00 4.870512432381852129e-03
9.461910828025477150e-07 2.457284731337495476e+00 4.923279352298346769e-03
9.425888324873096186e-07 2.459763341613021126e+00 4.976806362752972043e-03
9.390139064475346983e-07 2.462268943237474250e+00 5.031108866630788247e-03
9.354659949622165887e-07 2.464801928278665066e+00 5.086202658718854373e-03
9.319447929736511228e-07 2.467362696807406053e+00 5.142103937865571961e-03
9.284499999999999791e-07 2.469951657102714027e+00 5.198829319585258728e-03
9.249813200498131992e-07 2.472569225863431974e+00 5.256395849126715633e-03
9.215384615384615521e-07 2.475215828426496234e+00 5.314821015025636072e-03
9.181211372064277131e-07 2.477891898992106157e+00 5.374122763161455311e-03
9.147290640394089278e-07 2.480597880856048043e+00 5.434319511340456911e-03
9.113619631901841520e-07 2.483334226649449139e+00 5.495430164427805506e-03
9.080195599022005628e-07 2.486101398586226363e+00 5.557474130052500634e-03
9.047015834348355004e-07 2.488899868718544184e+00 5.620471334910242915e-03
9.014077669902911720e-07 2.491730119200563198e+00 5.684442241690577761e-03
8.981378476420797660e-07 2.494592642560819140e+00 5.749407866655981136e-03
8.948915662650602247e-07 2.497487941983549842e+00 5.815389797901865040e-03
8.916686674669867588e-07 2.500416531599324976e+00 5.882410214328041669e-03
8.884688995215310937e-07 2.503378936785341402e+00 5.950491905353711732e-03
8.852920143027413892e-07 2.506375694475761584e+00 6.019658291409655734e-03
8.821377672209026815e-07 2.509407353482491221e+00 6.089933445243088557e-03
8.790059171597633772e-07 2.512474474826818849e+00 6.161342114072429661e-03
8.758962264150942360e-07 2.515577632082336201e+00 6.233909742631237906e-03
8.728084606345475497e-07 2.518717411729612277e+00 6.307662497142570504e-03
8.697423887587821047e-07 2.521894413523081191e+00 6.382627290267246095e-03
8.666977829638272495e-07 2.525109250870647859e+00 6.458831807071760932e-03
8.636744186046511237e-07 2.528362551226533306e+00 6.536304532064114714e-03
8.606720741599073230e-07 2.531654956497902731e+00 6.615074777348284134e-03
8.576905311778290812e-07 2.534987123465848313e+00 6.695172711951015605e-03
8.547295742232451363e-07 2.538359724221327607e+00 6.776629392377316562e-03
8.517889908256880562e-07 2.541773446616683252e+00 6.859476794454293785e-03
8.488685714285714155e-07 2.545228994733407912e+00 6.943747846526171323e-03
8.459681093394077632e-07 2.548727089366831677e+00 7.029476464066860240e-03
8.430874006810443005e-07 2.552268468528479328e+00 7.116697585780135289e-03
8.402262443438914930e-07 2.555853887966832882e+00 7.205447211261456486e-03
8.373844419391206894e-07 2.559484121707319204e+00 7.295762440299597903e-03
8.345617977528089331e-07 2.563159962612345577e+00 7.387681513900784883e-03
8.317581187010077828e-07 2.566882222962275861e+00 7.481243857122673452e-03
8.289732142857142217e-07 2.570651735058267828e+00 7.576490123810759349e-03
8.262068965517241758e-07 2.574469351847942011e+00 7.673462243334859025e-03
8.234589800443458762e-07 2.578335947574914577e+00 7.772203469429399963e-03
8.207292817679558078e-07 2.582252418453261367e+00 7.872758431247045552e-03
8.180176211453743736e-07 2.586219683368053079e+00 7.975173186741931278e-03
8.153238199780460288e-07 2.590238684603145991e+00 8.079495278505540584e-03
8.126477024070020737e-07 2.594310388597498296e+00 8.185773792185851994e-03
8.099890948745909637e-07 2.598435786731313701e+00 8.294059417628089556e-03
8.073478260869564437e-07 2.602615896143426699e+00 8.404404512884036324e-03
8.047237269772480488e-07 2.606851760581387900e+00 8.516863171245822595e-03
8.021166306695463945e-07 2.611144451285793977e+00 8.631491291469776950e-03
7.995263724434875864e-07 2.615495067910512450e+00 8.748346651366204624e-03
7.969527896995707630e-07 2.619904739480507505e+00 8.867488984942108535e-03
7.943957219251337348e-07 2.624374625389102711e+00 8.988980063295619327e-03
7.918550106609808391e-07 2.628905916436589774e+00 9.112883779473588547e-03
7.893304994686504107e-07 2.633499835912227915e+00 9.239266237517433991e-03
7.868220338983051388e-07 2.638157640721768615e+00 9.368195845936816424e-03
7.843294614572334536e-07 2.642880622562786552e+00 9.499743415866417420e-03
7.818526315789474344e-07 2.647670109150207729e+00 9.633982264177819513e-03
7.793913955928647478e-07 2.652527465494585623e+00 9.770988321836515320e-03
7.769456066945607446e-07 2.657454095235807223e+00 9.910840247813442264e-03
7.745151199165797046e-07 2.662451442035084881e+00 1.005361954888118851e-02
7.720997920997920998e-07 2.667520991028249799e+00 1.019941070564747698e-02
7.696994818652849590e-07 2.672664270343542814e+00 1.034830130520255839e-02
7.673140495867768632e-07 2.677882852687314408e+00 1.050038218078312713e-02
7.649433573635427498e-07 2.683178357001205327e+00 1.065574755888323844e-02
7.625872689938398414e-07 2.688552450194665600e+00 1.081449521427296952e-02
7.602456499488228430e-07 2.694006848956840727e+00 1.097672663341796133e-02
7.579183673469386655e-07 2.699543321652162042e+00 1.114254718682813547e-02
7.556052899287893464e-07 2.705163690304214885e+00 1.131206631090170799e-02
7.533062880324542741e-07 2.710869832672762048e+00 1.148539769987167412e-02
7.510212335692618697e-07 2.716663684429122760e+00 1.166265950850613187e-02
7.487499999999999251e-07 2.722547241435417043e+00 1.184397456626184487e-02
7.464924623115578227e-07 2.728522562133579132e+00 1.202947060364224600e-02
7.442484969939879301e-07 2.734591770050397663e+00 1.221928049156745764e-02
7.420179820179820414e-07 2.740757056425281224e+00 1.241354249462474010e-02
7.398007968127489937e-07 2.747020682967884486e+00 1.261240053913406656e-02
7.375968222442899665e-07 2.753384984753211917e+00 1.281600449703535795e-02
7.354059405940593925e-07 2.759852373262336567e+00 1.302451048668196165e-02
7.332280355380059739e-07 2.766425339577436304e+00 1.323808119170981866e-02
7.310629921259842764e-07 2.773106457740441844e+00 1.345688619924428377e-02
7.289106967615309703e-07 2.779898388285252597e+00 1.368110235880706099e-02
7.267710371819961910e-07 2.786803881954172724e+00 1.391091416339537874e-02
7.246439024390244049e-07 2.793825783609984903e+00 1.414651415432523901e-02
7.225291828793773728e-07 2.800967036355892059e+00 1.438810335156091684e-02
7.204267701260911600e-07 2.808230685876464960e+00 1.463589171139583270e-02
7.183365570599612670e-07 2.815619885013670665e+00 1.489009861350547477e-02
7.162584378013500558e-07 2.823137898593120365e+00 1.515095337956402950e-02
7.141923076923076844e-07 2.830788108516807622e+00 1.541869582580305056e-02
7.121380632790028433e-07 2.838574019139822990e+00 1.569357685209554071e-02
7.100956022944550364e-07 2.846499262949874431e+00 1.597585907037327863e-02
7.080648236415633223e-07 2.854567606569904825e+00 1.626581747543262915e-02
7.060456273764258010e-07 2.862782957105652226e+00 1.656374016145458622e-02
7.040379146919430675e-07 2.871149368861748208e+00 1.686992908786407244e-02
7.020415879017012922e-07 2.879671050451797942e+00 1.718470089848173760e-02
7.000565504241281525e-07 2.888352372329956452e+00 1.750838779828401207e-02
6.980827067669172727e-07 2.897197874773725701e+00 1.784133849248705980e-02
6.961199625117151394e-07 2.906212276350150336e+00 1.818391919311192206e-02
6.941682242990654079e-07 2.915400482900269985e+00 1.853651469867652682e-02
6.922273998136066846e-07 2.924767597079574788e+00 1.889952955320065714e-02
6.902973977695167946e-07 2.934318928495467382e+00 1.927338929130944720e-02
6.883781278962002543e-07 2.944060004486200643e+00 1.965854177688493298e-02
6.864695009242145015e-07 2.953996581589647175e+00 2.005545864345387175e-02
6.845714285714286360e-07 2.964134657754497137e+00 2.046463684532026650e-02
6.826838235294118116e-07 2.974480485351155057e+00 2.088660032936495367e-02
6.808065994500458805e-07 2.985040585044734573e+00 2.132190183845275588e-02
6.789396709323582660e-07 2.995821760598246453e+00 2.177112485852449389e-02
6.770829535095715704e-07 3.006831114680328820e+00 2.223488572272049393e-02
6.752363636363636693e-07 3.018076065758799498e+00 2.271383588730388134e-02
6.733998186763372362e-07 3.029564366168971290e+00 2.320866439574319554e-02
6.715732368896925541e-07 3.041304121454170062e+00 2.372010054910013085e-02
6.697565374211000155e-07 3.053303811085317232e+00 2.424891680287499449e-02
6.679496402877697691e-07 3.065572310676905943e+00 2.479593191271942804e-02
6.661524663677130080e-07 3.078118915828343738e+00 2.536201435397064316e-02
6.643649373881932046e-07 3.090953367732601542e+00 2.594808604283052253e-02
6.625869759143621051e-07 3.104085880708577161e+00 2.655512639025877850e-02
6.608185053380782592e-07 3.117527171829729493e+00 2.718417672332054669e-02
6.590594498669032150e-07 3.131288492839608306e+00 2.783634511289387325e-02
6.573097345132743206e-07 3.145381664565154001e+00 2.851281165137140028e-02
6.555692850838482021e-07 3.159819114061320100e+00 2.921483422937122890e-02
6.538380281690140728e-07 3.174613914746112986e+00 2.994375486660507887e-02
6.521158911325724246e-07 3.189779829813829348e+00 3.070100665905283258e-02
6.504028021015762445e-07 3.205331359246630374e+00 3.148812141260332043e-02
6.486986899563318960e-07 3.221283790781153566e+00 3.230673804250053238e-02
6.470034843205575498e-07 3.237653255228173155e+00 3.315861182847786720e-02
6.453171155516941853e-07 3.254456786590151030e+00 3.404562462759305047e-02
6.436395147313691646e-07 3.271712387474702499e+00 3.496979616076751479e-02
6.419706136560069775e-07 3.289439100362454571e+00 3.593329650519880292e-02
6.403103448275862071e-07 3.307657085356684679e+00 3.693845994353982948e-02
6.386586414445399601e-07 3.326387705120819938e+00 3.798780034247443982e-02
6.370154373927958465e-07 3.345653617799918322e+00 3.908402825861206908e-02
6.353806672369546612e-07 3.365478878825488351e+00 4.023006999912636522e-02
6.337542662116040607e-07 3.385889052621675610e+00 4.142908889906433967e-02
6.321361702127659658e-07 3.406911335367527549e+00 4.268450911770413359e-02
6.305263157894736657e-07 3.428574690127843105e+00 4.400004230389432947e-02
6.289246401354784131e-07 3.450909995847785350e+00 4.537971753637267541e-02
6.273310810810810612e-07 3.473950211918370723e+00 4.682791501134733053e-02
6.257455770850884279e-07 3.497730560266492095e+00 4.834940402822850841e-02
6.241680672268907841e-07 3.522288727210777903e+00 4.994938591790314825e-02
6.225984911986587749e-07 3.547665087660996974e+00 5.163354266952916577e-02
6.210367892976588192e-07 3.573902954633454421e+00 5.340809214543159461e-02
6.194829024186822227e-07 3.601048857519243640e+00 5.527985093421017293e-02
6.179367720465890652e-07 3.629152853090424014e+00 5.725630608573623048e-02
6.163983402489626246e-07 3.658268873878419924e+00 5.934569720600307852e-02
6.148675496688742334e-07 3.688455119330225962e+00 6.155711067446570373e-02
6.133443435177539081e-07 3.719774496067787872e+00 6.390058809381095328e-02
6.118286655683690814e-07 3.752295114676501342e+00 6.638725150760196869e-02
6.103204601479045550e-07 3.786090851770889554e+00 6.902944844486320897e-02
6.088196721311475898e-07 3.821241987679958374e+00 7.184092049800538948e-02
6.073262469337693466e-07 3.857835932025597270e+00 7.483699994463023641e-02
6.058401305057096647e-07 3.895968051815458466e+00 7.803483992770472721e-02
6.043612693246540612e-07 3.935742619540743004e+00 8.145368496869181962e-02
6.028896103896104682e-07 3.977273902290047403e+00 8.511519017848144519e-02
6.014251012145748029e-07 4.020687417233889782e+00 8.904379954971994304e-02
5.999676898222940526e-07 4.066121384218654100e+00 9.326719629234624109e-02
5.985173247381143794e-07 4.113728412921017430e+00 9.781684148824687508e-02
5.970739549839229299e-07 4.163677470427362692e+00 1.027286216296804805e-01
5.956375300721731814e-07 4.216156185713307636e+00 1.080436311960549511e-01
5.942080000000000756e-07 4.271373560961714944e+00 1.138091237644633519e-01
5.927853152434157243e-07 4.329563176855022455e+00 1.200796748669077652e-01
5.913694267515923616e-07 4.390987001094827313e+00 1.269186127797689578e-01
5.899602859412232210e-07 4.455939938056507010e+00 1.343997909055600903e-01
5.885578446909667413e-07 4.524755294894221791e+00 1.426097991708895896e-01
5.871620553359683805e-07 4.597811388645126840e+00 1.516507445120011122e-01
5.857728706624605690e-07 4.675539584232304868e+00 1.616437758602567998e-01
5.843902439024390021e-07 4.758434140795504419e+00 1.727335927451370823e-01
5.830141287284144233e-07 4.847064362130907966e+00 1.850942672604640460e-01
5.816444792482381003e-07 4.942089708656704161e+00 1.989368398045391617e-01
5.802812500000000399e-07 5.044278751398676874e+00 2.145193401274467782e-01
5.789243959469991999e-07 5.154533159767565209e+00 2.321601691560844505e-01
5.775738724727836882e-07 5.273918354245624940e+00 2.522562060620348601e-01
5.762296353762607355e-07 5.403703082556040371e+00 2.753076651691612198e-01
5.748916408668729485e-07 5.545411084761951770e+00 3.019527635600713356e-01
5.735598455598456083e-07 5.700889338948455176e+00 3.330169227808730814e-01
5.722342064714945309e-07 5.872399339869738277e+00 3.695839598382241187e-01
5.709146810146042325e-07 6.062740787689112842e+00 4.131013308486790048e-01
5.696012269938649626e-07 6.275421446793824742e+00 4.655394923514845074e-01
5.682938026013772886e-07 6.514893473482104902e+00 5.296397907896099877e-01
5.669923664122137487e-07 6.786886030986515550e+00 6.093119342752718604e-01
5.656968773800457273e-07 7.098876862281723099e+00 7.102935500100390209e-01
5.644072948328267627e-07 7.460758913123371805e+00 8.412879966693130873e-01
5.631235784685367363e-07 7.885755843494943740e+00 1.016015180931569395e+00
5.618456883509833421e-07 8.391552348489845770e+00 1.257092509493115129e+00
5.605735849056604127e-07 9.001146825421095343e+00 1.603768477300319573e+00
5.593072289156626801e-07 9.740929918075016403e+00 2.128071605608685690e+00
5.580465815176559102e-07 1.062495943600455917e+01 2.968978474257339073e+00
5.567916041979010358e-07 1.157923212612489294e+01 4.394635872836499146e+00
5.555422587883320771e-07 1.215514813878488809e+01 6.802628188511844698e+00
5.542985074626865768e-07 1.110453792659470373e+01 9.975936787264133798e+00
5.530603127326880231e-07 8.082486750457418268e+00 1.183822210833149846e+01
5.518276374442794117e-07 5.252733204929788791e+00 1.163215529766281264e+01
5.506004447739065709e-07 3.496325950595001064e+00 1.068306025573041040e+01
5.493786982248520975e-07 2.470418678193895712e+00 9.714127063710265020e+00
5.481623616236161965e-07 1.843448231089831024e+00 8.884200074655423052e+00
5.469513991163476019e-07 1.436480613851770505e+00 8.195754135056366962e+00
5.457457751653196023e-07 1.157689127111873661e+00 7.623071383903773146e+00
5.445454545454545584e-07 9.579918914675297215e-01 7.140962447148766934e+00
5.433504023408923609e-07 8.096435831266379779e-01 6.729531995871119499e+00
5.421605839416058991e-07 6.960977638034097081e-01 6.373816470033466075e+00
5.409759650400582445e-07 6.070097777845813170e-01 6.062631095714068330e+00
5.397965116279070582e-07 5.356436406583038323e-01 5.787548361090780524e+00
5.386221899927483838e-07 4.774571187940111483e-01 5.542135960543724593e+00
5.374529667149059694e-07 4.292935772047156151e-01 5.321414274238522424e+00
5.362888086642598706e-07 3.889012419284019750e-01 5.121473772491460075e+00
5.351296829971181454e-07 3.546367722417964607e-01 4.939203932322746127e+00
5.339755571531271961e-07 3.252765886564778497e-01 4.772099141259036337e+00
5.328263988522238272e-07 2.998933626511001149e-01 4.618117943284675064e+00
5.316821760916248898e-07 2.777731158171434789e-01 4.475579593831472636e+00
5.305428571428571612e-07 2.583583186208071036e-01 4.343087022257972052e+00
5.294084105488239635e-07 2.412080429273340820e-01 4.219468726078834386e+00
5.282788051209104287e-07 2.259695473219651418e-01 4.103734413153139471e+00
5.271540099361249740e-07 2.123576798923009767e-01 3.995040753311619675e+00
5.260339943342776239e-07 2.001397232499312340e-01 3.892664653635291128e+00
5.249187279151943296e-07 1.891240908208337290e-01 3.795982197124225799e+00
5.238081805359661247e-07 1.791517897163935336e-01 3.704451890522314272e+00
5.227023223082336428e-07 1.700898985627515292e-01 3.617601224218199185e+00
5.216011235955055170e-07 1.618265316168283618e-01 3.535015802160178744e+00
5.205045550105116143e-07 1.542669121477241445e-01 3.456330483858343516e+00
5.194125874125873972e-07 1.473302827536627502e-01 3.381222114929030464e+00
5.183251919050942853e-07 1.409474535581727583e-01 3.309403521714086693e+00
5.172423398328690270e-07 1.350588411723418758e-01 3.240618519262812747e+00
5.161640027797082237e-07 1.296128885733682512e-01 3.174637737378616986e+00
5.150901525658806999e-07 1.245647830805973466e-01 3.111255111427460029e+00
5.140207612456748132e-07 1.198754094239498774e-01 3.050284916696904602e+00
5.129558011049723402e-07 1.155104895653751851e-01 2.991559249808446452e+00
5.118952446588559262e-07 1.114398718894925033e-01 2.934925879862074094e+00
5.108390646492434283e-07 1.076369406343406082e-01 2.880246406974355189e+00
5.097872340425531743e-07 1.040781227039517254e-01 2.827394677657474542e+00
5.087397260273972807e-07 1.007424738048063595e-01 2.776255415816121452e+00
5.076965140123034518e-07 9.761132954981974197e-02 2.726723035569461828e+00
5.066575716234652599e-07 9.466801004758915172e-02 2.678700608057374755e+00
5.056228727025186837e-07 9.189756874081356219e-02 2.632098959183630349e+00
5.045923913043478700e-07 8.928657802423332901e-02 2.586835879130039206e+00
5.035661016949152465e-07 8.682294556980080236e-02 2.542835427633539425e+00
5.025439783491204346e-07 8.449575639845717523e-02 2.500027321600245322e+00
5.015259959486833021e-07 8.229513662702007959e-02 2.458346393751123404e+00
5.005121293800539097e-07 8.021213553347977809e-02 2.417732112743218753e+00
4.995023537323469146e-07 7.823862316147281448e-02 2.378128156659472747e+00
4.984966442953020221e-07 7.636720115341613657e-02 2.339482032965297886e+00
4.974949765572671992e-07 7.459112488393455920e-02 2.301744739036123644e+00
4.964973262032085710e-07 7.290423527814841875e-02 2.264870458203404269e+00
4.955036691127418107e-07 7.130089895667111877e-02 2.228816286975197070e+00
4.945139813581891510e-07 6.977595556158344703e-02 2.193541989685935167e+00
4.935282392026577849e-07 6.832467129364629133e-02 2.159009777335942459e+00
4.925464190981432525e-07 6.694269783742591573e-02 2.125184107811552980e+00
4.915684976836531572e-07 6.562603597318719673e-02 2.092031505042391881e+00
4.905944517833554459e-07 6.437100327678015044e-02 2.059520394965499879e+00
4.896242584047461709e-07 6.317420539474759289e-02 2.027620956433312305e+00
4.886578947368421333e-07 6.203251045442539219e-02 1.996304985432791002e+00
4.876953381483913140e-07 6.094302623014337394e-02 1.965545771180547963e+00
4.867365661861074455e-07 5.990307973870231256e-02 1.935317982829713568e+00
4.857815565729234300e-07 5.891019898160561319e-02 1.905597565671691918e+00
4.848302872062663563e-07 5.796209658936413156e-02 1.876361645843843240e+00
4.838827361563517879e-07 5.705665515559626977e-02 1.847588442664958919e+00
4.829388816644993316e-07 5.619191407649405667e-02 1.819257187816791133e+00
4.819987021414666300e-07 5.536605773523742280e-02 1.791348050673753800e+00
4.810621761658031523e-07 5.457740489171125642e-02 1.763842069155894254e+00
4.801292824822236801e-07 5.382439915592680119e-02 1.736721085543942555e+00
4.792000000000000029e-07 5.310560043928557600e-02 1.709967686750601068e+00
4.782743077913715671e-07 5.241967729161971928e-02 1.683565148590639993e+00
4.773521850899742298e-07 5.176540004409257295e-02 1.657497383634256138e+00
4.764336112892880177e-07 5.114163468882211572e-02 1.631748892264690554e+00
4.755185659411010861e-07 5.054733743571018789e-02 1.606304716592426240e+00
4.746070287539936357e-07 4.998154989563852874e-02 1.581150396905522060e+00
4.736989795918367057e-07 4.944339484708103888e-02 1.556271930358362088e+00
4.727943984723106597e-07 4.893207255046622128e-02 1.531655731620696459e+00
4.718932655654383370e-07 4.844685758142002613e-02 1.507288595224418382e+00
4.709955611921369966e-07 4.798709616049423587e-02 1.483157659358471880e+00
4.701012658227847667e-07 4.755220396324329191e-02 1.459250370871549851e+00
4.692103600758054648e-07 4.714166440071122094e-02 1.435554451249038355e+00
4.683228247162673401e-07 4.675502736664326892e-02 1.412057863333907148e+00
4.674386406544996572e-07 4.639190845421201081e-02 1.388748778561958774e+00
4.665577889447236259e-07 4.605198865188290386e-02 1.365615544478782750e+00
4.656802507836990549e-07 4.573501453544061290e-02 1.342646652299796628e+00
4.648060075093867271e-07 4.544079898134843060e-02 1.319830704264664867e+00
4.639350405996252288e-07 4.516922243577642382e-02 1.297156380523373898e+00
4.630673316708229193e-07 4.492023478410287624e-02 1.274612405272462334e+00
4.622028624766646167e-07 4.469385787783353159e-02 1.252187511835776368e+00
4.613416149068323141e-07 4.449018879014412370e-02 1.229870406353739787e+00
4.604835709857408768e-07 4.430940388819535475e-02 1.207649729707369612e+00
4.596287128712871336e-07 4.415176383070452959e-02 1.185514017256779518e+00
4.587770228536132613e-07 4.401761962388615196e-02 1.163451655916844407e+00
4.579284833538840932e-07 4.390741989894928615e-02 1.141450838022961989e+00
4.570830769230768672e-07 4.382171961135371274e-02 1.119499511354374643e+00
4.562407862407862745e-07 4.376119040792032788e-02 1.097585324578136179e+00
4.554015941140404133e-07 4.372663296520556964e-02 1.075695567248323048e+00
4.545654834761322010e-07 4.371899167464552566e-02 1.053817103337429284e+00
4.537324373854611624e-07 4.373937214132118945e-02 1.031936297081557097e+00
4.529024390243903060e-07 4.378906207979541693e-02 1.010038929679140329e+00
4.520754716981131643e-07 4.386955634044612667e-02 9.881101050807050701e-01
4.512515188335358692e-07 4.398258699416934814e-02 9.661341427285634609e-01
4.504305639781685448e-07 4.413015965754947534e-02 9.440944546270679805e-01
4.496125907990314701e-07 4.431459757591744292e-02 9.219734035169391273e-01
4.487975830815709826e-07 4.453859542815859218e-02 8.997521381499684612e-01
4.479855247285886701e-07 4.480528541744604326e-02 8.774104006589064086e-01
4.471763997591812029e-07 4.511831902790869320e-02 8.549262997154283283e-01
4.463701923076922895e-07 4.548196894862722994e-02 8.322760414625709480e-01
4.455668866226754846e-07 4.590125722664242791e-02 8.094336079502472137e-01
4.447664670658682734e-07 4.638211791036461057e-02 7.863703697861351705e-01
4.439689181111775381e-07 4.693160559027625967e-02 7.630546156426517568e-01
4.431742243436753999e-07 4.755816581156000616e-02 7.394509757044296361e-01
4.423823704586063380e-07 4.827199007829177657e-02 7.155197084707868305e-01
4.415933412604043136e-07 4.908548831250491434e-02 6.912158096129391582e-01
4.408071216617210643e-07 5.001392719434864798e-02 6.664878864321883700e-01
4.400236966824644039e-07 5.107630721729541218e-02 6.412767197682562870e-01
4.392430514488468459e-07 5.229659051010943777e-02 6.155134037705097816e-01
4.384651711924438613e-07 5.370545620299171929e-02 5.891169079243264717e-01
4.376900412492634134e-07 5.534287016476427401e-02 5.619908378970150942e-01
4.369176470588234853e-07 5.726194934312299478e-02 5.340190718969513028e-01
4.361479741632413615e-07 5.953495358628536210e-02 5.050598048896571823e-01
4.353810082063305840e-07 6.226290762744342983e-02 4.749373371361074181e-01
4.346167349327092392e-07 6.559168635556585081e-02 4.434307291264319439e-01
4.338551401869158667e-07 6.974016774891984849e-02 4.102584249002524941e-01
4.330962099125364862e-07 7.505210156871756910e-02 3.750590694022265525e-01
4.323399301513387709e-07 8.209692727186368444e-02 3.373749864769365336e-01
4.315862870424171796e-07 9.187419403040640586e-02 2.966728717936730764e-01
4.308352668213457120e-07 1.062184314666554663e-01 2.525553500765038151e-01
4.300868558193398753e-07 1.283452578885512507e-01 2.057379248800031146e-01
4.293410404624277568e-07 1.618105800448406129e-01 1.606485539731257739e-01
4.285978072706289843e-07 2.045726897675946288e-01 1.251055746884175424e-01
4.278571428571428446e-07 2.487714374634348025e-01 1.013012097972023490e-01
4.271190339275445557e-07 2.898211519391480917e-01 8.562988954919641127e-02
4.263834672789896908e-07 3.269724912794191307e-01 7.475380422089084043e-02
4.256504297994269668e-07 3.606486141620755537e-01 6.675707652553569682e-02
4.249199084668192394e-07 3.914175544024509623e-01 6.059344379162175109e-02
4.241918903483723847e-07 4.197680003172212237e-01 5.566568570729044790e-02
4.234663625997719642e-07 4.460869846076137013e-01 5.161241876636527698e-02
4.227433124644279359e-07 4.706770811161494206e-01 4.820286308948661114e-02
4.220227272727273065e-07 4.937765190977418950e-01 4.528268500740573188e-02
4.213045944412931897e-07 5.155753450302382745e-01 4.274458821796507657e-02
4.205889014722537104e-07 5.362273689263750143e-01 4.051149858224683403e-02
4.198756359525155153e-07 5.558588269940194504e-01 3.852649538325172984e-02
4.191647855530474478e-07 5.745746770214138488e-01 3.674653348713499690e-02
4.184563380281689875e-07 5.924632204220443565e-01 3.513838865906016712e-02
4.177502812148481655e-07 6.095995406312632037e-01 3.367595685083482615e-02
4.170466030320044563e-07 6.260480967722674706e-01 3.233840606573194082e-02
4.163452914798206697e-07 6.418647070808264354e-01 3.110888114892085970e-02
4.156463346390598714e-07 6.570980855893394645e-01 2.997357668230178976e-02
4.149497206703910388e-07 6.717910473613946110e-01 2.892106073080859957e-02
4.142554378137200113e-07 6.859814646046656916e-01 2.794177315071585954e-02
4.135634743875278513e-07 6.997030332155945720e-01 2.702764768185010949e-02
4.128738187882156643e-07 7.129858933860888648e-01 2.617182332459082675e-02
4.121864594894561422e-07 7.258571366303191441e-01 2.536842112181045272e-02
4.115013850415512478e-07 7.383412235108276489e-01 2.461236953352415741e-02
4.108185840707964636e-07 7.504603304830108623e-01 2.389926638281301974e-02
4.101380452788514460e-07 7.622346399769049929e-01 2.322526865399984417e-02
4.094597574421168742e-07 7.736825846449150168e-01 2.258700373589658111e-02
4.087837094111172276e-07 7.848210543125091476e-01 2.198149734452364487e-02
4.081098901098901280e-07 7.956655723582011230e-01 2.140611454079115530e-02
4.074382885353812408e-07 8.062304468654399869e-01 2.085851111883974679e-02
4.067688937568455807e-07 8.165289008223810541e-01 2.033659327438525066e-02
4.061016949152542720e-07 8.265731848162842788e-01 1.983848393413848235e-02
4.054366812227074482e-07 8.363746750197121882e-01 1.936249448203233511e-02
4.047738419618528170e-07 8.459439587529660187e-01 1.890710088711815978e-02
4.041131664853101016e-07 8.552909094996945516e-01 1.847092344399437619e-02
4.034546442151004577e-07 8.644247529265820518e-01 1.805270949560194502e-02
4.027982646420824031e-07 8.733541251954871631e-01 1.765131863184701833e-02
4.021440173253925107e-07 8.820871246438363178e-01 1.726570995434421538e-02
4.014918918918918728e-07 8.906313577358652145e-01 1.689493107394661811e-02
4.008418780356179119e-07 8.989939800454948005e-01 1.653810856835107035e-02
4.001939655172413794e-07 9.071817329149260978e-01 1.619443967548438515e-02
3.995481441635287549e-07 9.152009763364452599e-01 1.586318503727367907e-02
3.989044038668098853e-07 9.230577185247520466e-01 1.554366233982155260e-02
3.982627345844503898e-07 9.307576425801195041e-01 1.523524072152278482e-02
3.976231263383297814e-07 9.383061305865991741e-01 1.493733584148043692e-02
3.969855692143238767e-07 9.457082854422380613e-01 1.464940551765495612e-02
3.963500533617929768e-07 9.529689506783660669e-01 1.437094585824614038e-02
3.957165689930740703e-07 9.600927284911842108e-01 1.410148782144523064e-02
3.950851063829787551e-07 9.670839961800788975e-01 1.384059414836384672e-02
3.944556558682952885e-07 9.739469211625078060e-01 1.358785662201161294e-02
3.938282078472958791e-07 9.806854747142313977e-01 1.334289361194815685e-02
3.932027527792483193e-07 9.873034445655676228e-01 1.310534786991070753e-02
3.925792811839323819e-07 9.938044464687457724e-01 1.287488454650536143e-02
3.919577836411609825e-07 1.000191934837935559e+00 1.265118940310146559e-02
3.913382507903056291e-07 1.006469212551855508e+00 1.243396719650682013e-02
3.907206733298264242e-07 1.012639439998678892e+00 1.222294021693129916e-02
3.901050420168066739e-07 1.018705643434112629e+00 1.201784696224808546e-02
3.894913476664918366e-07 1.024670722715776083e+00 1.181844093370532783e-02
3.888795811518324434e-07 1.030537458470248691e+00 1.162448954008233649e-02
3.882697334030318879e-07 1.036308518743169982e+00 1.143577309887162941e-02
3.876617954070980815e-07 1.041986465177584975e+00 1.125208392443714095e-02
3.870557582073996608e-07 1.047573758761074725e+00 1.107322549428638170e-02
3.864516129032257951e-07 1.053072765178163062e+00 1.089901168562321457e-02
3.858493506493506530e-07 1.058485759800856574e+00 1.072926607524452361e-02
3.852489626556016801e-07 1.063814932346990760e+00 1.056382129662488366e-02
3.846504401864319000e-07 1.069062391233193354e+00 1.040251844871626155e-02
3.840537745604963984e-07 1.074230167646754497e+00 1.024520655158776654e-02
3.834589571502323003e-07 1.079320219358414157e+00 1.009174204455542956e-02
3.828659793814433002e-07 1.084334434296075900e+00 9.941988322913130824e-03
3.822748327328873163e-07 1.089274633897629796e+00 9.795815309783011127e-03
3.816855087358684319e-07 1.094142576259457877e+00 9.653099059962056208e-03
3.810979989738327554e-07 1.098939959095723173e+00 9.513721392959787262e-03
3.805122950819672436e-07 1.103668422522253723e+00 9.377569552702472860e-03
3.799283887468030791e-07 1.108329551677631475e+00 9.244535891629683186e-03
3.793462717058222760e-07 1.112924879193044392e+00 9.114517577130467479e-03
3.787659357470678335e-07 1.117455887521489943e+00 8.987416318464350184e-03
3.781873727087576473e-07 1.121924011136057109e+00 8.863138112488469500e-03
3.776105744789019154e-07 1.126330638606211965e+00 8.741593006669799021e-03
3.770355329949238263e-07 1.130677114560308061e+00 8.622694878002190241e-03
3.764622402432843234e-07 1.134964741541885536e+00 8.506361226574263301e-03
3.758906882591093048e-07 1.139194781766740716e+00 8.392512982647292938e-03
3.753208691258211104e-07 1.143368458787194397e+00 8.281074326204279981e-03
3.747527749747729221e-07 1.147486959069514922e+00 8.171972518022646917e-03
3.741863979848866567e-07 1.151551433489989673e+00 8.065137741405752764e-03
3.736217303822937710e-07 1.155562998754737780e+00 7.960502953782642652e-03
3.730587644399798789e-07 1.159522738747980730e+00 7.858003747452753027e-03
3.724974924774322796e-07 1.163431705813139594e+00 7.757578218813173526e-03
3.719379068602904503e-07 1.167290921970823181e+00 7.659166845460875159e-03
3.713799999999999811e-07 1.171101380077476550e+00 7.562712370612421041e-03
3.708237643534697903e-07 1.174864044928192408e+00 7.468159694328921003e-03
3.702691924227318300e-07 1.178579854306952779e+00 7.375455771075037532e-03
3.697162767546042839e-07 1.182249719987335412e+00 7.284549513178337037e-03
3.691650099403578365e-07 1.185874528686521323e+00 7.195391699789443173e-03
3.686153846153846420e-07 1.189455142975238244e+00 7.107934890974380859e-03
3.680673934588702053e-07 1.192992402146114683e+00 7.022133346598845825e-03
3.675210291934685971e-07 1.196487123042739853e+00 6.937942949690228261e-03
3.669762845849802643e-07 1.199940100851590197e+00 6.855321133986532964e-03
3.664331524420325925e-07 1.203352109858832009e+00 6.774226815403394490e-03
3.658916256157635923e-07 1.206723904173890638e+00 6.694620327169904968e-03
3.653516969995081261e-07 1.210056218421551755e+00 6.616463358402352446e-03
3.648133595284872065e-07 1.213349768404250462e+00 6.539718895901631447e-03
3.642766061794997284e-07 1.216605251736103677e+00 6.464351168975368545e-03
3.637414299706170086e-07 1.219823348450147948e+00 6.390325597099919507e-03
3.632078239608801828e-07 1.223004721580146725e+00 6.317608740250416251e-03
3.626757812499999852e-07 1.226150017718258933e+00 6.246168251739027920e-03
3.621452949780594935e-07 1.229259867549781671e+00 6.175972833412360016e-03
3.616163583252190961e-07 1.232334886366103666e+00 6.106992193069421884e-03
3.610889645114243720e-07 1.235375674556944414e+00 6.039197003970713136e-03
3.605631067961165111e-07 1.238382818082891745e+00 5.972558866317721760e-03
3.600387784779447470e-07 1.241356888929185054e+00 5.907050270590168822e-03
3.595159728944820710e-07 1.244298445541653919e+00 5.842644562635623991e-03
3.589946834219429588e-07 1.247208033245647441e+00 5.779315910413171213e-03
3.584749034749034787e-07 1.250086184648766530e+00 5.717039272298924009e-03
3.579566265060241004e-07 1.252933420028149003e+00 5.655790366867255274e-03
3.574398460057747798e-07 1.255750247703024458e+00 5.595545644067007572e-03
3.569245555021624259e-07 1.258537164393217056e+00 5.536282257717017874e-03
3.564107485604606446e-07 1.261294655564232592e+00 5.477978039250014364e-03
3.558984187829420232e-07 1.264023195759539142e+00 5.420611472638341317e-03
3.553875598086124798e-07 1.266723248920609501e+00 5.364161670439046396e-03
3.548781653129479420e-07 1.269395268695277190e+00 5.308608350899569200e-03
3.543702290076336194e-07 1.272039698734909630e+00 5.253931816069023000e-03
3.538637446403049174e-07 1.274656972980899639e+00 5.200112930863047024e-03
3.533587059942911039e-07 1.277247515940925782e+00 5.147133103033591991e-03
3.528551068883610408e-07 1.279811742955431875e+00 5.094974263997662650e-03
3.523529411764705561e-07 1.282350060454737983e+00 5.043618850481733362e-03
3.518522027475129928e-07 1.284862866207177934e+00 4.993049786941213854e-03
3.513528855250709224e-07 1.287350549558646140e+00 4.943250468716467276e-03
3.508549834671705056e-07 1.289813491663907019e+00 4.894204745889195983e-03
3.503584905660377050e-07 1.292252065710008058e+00 4.845896907805066940e-03
3.498634008478567755e-07 1.294666637132125597e+00 4.798311668230250196e-03
3.493697083725305535e-07 1.297057563822145765e+00 4.751434151111474588e-03
3.488774072334429174e-07 1.299425196330277199e+00 4.705249876910799073e-03
3.483864915572232594e-07 1.301769878059978902e+00 4.659744749487881865e-03
3.478969555035128631e-07 1.304091945456462343e+00 4.614905043504053533e-03
3.474087932647333989e-07 1.306391728189028711e+00 4.570717392323851540e-03
3.469219990658570607e-07 1.308669549327481807e+00 4.527168776390959153e-03
3.464365671641790840e-07 1.310925725512846141e+00 4.484246512056785754e-03
3.459524918490917477e-07 1.313160567122614308e+00 4.441938240840988955e-03
3.454697674418604918e-07 1.315374378430729463e+00 4.400231919104408140e-03
3.449883882954017840e-07 1.317567457762511163e+00 4.359115808115810592e-03
3.445083487940631020e-07 1.319740097644708010e+00 4.318578464494900876e-03
3.440296433534043467e-07 1.321892584950869365e+00 4.278608731014860340e-03
3.435522664199815307e-07 1.324025201042205557e+00 4.239195727748587376e-03
3.430762124711316325e-07 1.326138221904106462e+00 4.200328843543622674e-03
3.426014760147601493e-07 1.328231918278480306e+00 4.161997727811411578e-03
3.421280515891293922e-07 1.330306555792063472e+00 4.124192282617416064e-03
3.416559337626494810e-07 1.332362395080849859e+00 4.086902655059096272e-03
3.411851171336701851e-07 1.334399691910782559e+00 4.050119229919534394e-03
3.407155963302752013e-07 1.336418697294837310e+00 4.013832622585044446e-03
3.402473660100778592e-07 1.338419657606631397e+00 3.978033672215644002e-03
3.397804208600183105e-07 1.340402814690680566e+00 3.942713435157830376e-03
3.393147555961626226e-07 1.342368405969420975e+00 3.907863178589631933e-03
3.388503649635036208e-07 1.344316664547109852e+00 3.873474374388308130e-03
3.383872437357631053e-07 1.346247819310717908e+00 3.839538693211607887e-03
3.379253867151956049e-07 1.348162095027911178e+00 3.806047998783887963e-03
3.374647887323943533e-07 1.350059712442228221e+00 3.772994342378787648e-03
3.370054446460980065e-07 1.351940888365545046e+00 3.740369957490563731e-03
3.365473493429995314e-07 1.353805835767925014e+00 3.708167254686538412e-03
3.360904977375565760e-07 1.355654763864934997e+00 3.676378816633481868e-03
3.356348847718030049e-07 1.357487878202520815e+00 3.644997393291038706e-03
3.351805054151624456e-07 1.359305380739517233e+00 3.614015897265664915e-03
3.347273546642632125e-07 1.361107469927876457e+00 3.583427399318795184e-03
3.342754275427542886e-07 1.362894340790685943e+00 3.553225124023278326e-03
3.338247191011235838e-07 1.364666184998052589e+00 3.523402445562341060e-03
3.333752244165170940e-07 1.366423190940919241e+00 3.493952883665646988e-03
3.329269385925593823e-07 1.368165543802884132e+00 3.464870099677202792e-03
3.324798567591763908e-07 1.369893425630084538e+00 3.436147892750131706e-03
3.320339740724184108e-07 1.371607015399209262e+00 3.407780196163535079e-03
3.315892857142856993e-07 1.373306489083699455e+00 3.379761073756860652e-03
3.311457868925545731e-07 1.374992019718195069e+00 3.352084716477412955e-03
3.307034728406055140e-07 1.376663777461280658e+00 3.324745439036808255e-03
3.302623388172521206e-07 1.378321929656588507e+00 3.297737676672378090e-03
3.298223801065719142e-07 1.379966640892305252e+00 3.271055982009656461e-03
3.293835920177383611e-07 1.381598073059134402e+00 3.244695022022299480e-03
3.289459698848538481e-07 1.383216385406765170e+00 3.218649575085863988e-03
3.285095090667846176e-07 1.384821734598885801e+00 3.192914528122125280e-03
3.280742049469964428e-07 1.386414274766795129e+00 3.167484873830641885e-03
3.276400529333921560e-07 1.387994157561647679e+00 3.142355708004481753e-03
3.272070484581497600e-07 1.389561532205380034e+00 3.117522226927116596e-03
3.267751869775627089e-07 1.391116545540351357e+00 3.092979724847647223e-03
3.263444639718805074e-07 1.392659342077743556e+00 3.068723591531572620e-03
3.259148749451513744e-07 1.394190064044752653e+00 3.044749309884517158e-03
3.254864154250657534e-07 1.395708851430610631e+00 3.021052453646337274e-03
3.250590809628008824e-07 1.397215842031469979e+00 2.997628685153224531e-03
3.246328671328671630e-07 1.398711171494187555e+00 2.974473753165424606e-03
3.242077695329550590e-07 1.400194973359035311e+00 2.951583490758372553e-03
3.237837837837837957e-07 1.401667379101373401e+00 2.928953813275056873e-03
3.233609055289507995e-07 1.403128518172313210e+00 2.906580716337571046e-03
3.229391304347826198e-07 1.404578518038401613e+00 2.884460273915826801e-03
3.225184541901866989e-07 1.406017504220350656e+00 2.862588636451554331e-03
3.220988725065047286e-07 1.407445600330844204e+00 2.840962029035722872e-03
3.216803811173668025e-07 1.408862928111445978e+00 2.819576749637600546e-03
3.212629757785466788e-07 1.410269607468633168e+00 2.798429167383800677e-03
3.208466522678185790e-07 1.411665756508982517e+00 2.777515720885608951e-03
3.204314063848144624e-07 1.413051491573530605e+00 2.756832916613068292e-03
3.200172339508832077e-07 1.414426927271332790e+00 2.736377327314268911e-03
3.196041308089500575e-07 1.415792176512241651e+00 2.716145590478398920e-03
3.191920928233777588e-07 1.417147350538929151e+00 2.696134406841134337e-03
3.187811158798283370e-07 1.418492558958168503e+00 2.676340538931025817e-03
3.183711958851264592e-07 1.419827909771401941e+00 2.656760809655563278e-03
3.179623287671232740e-07 1.421153509404608384e+00 2.637392100925667251e-03
3.175545104745617856e-07 1.422469462737493417e+00 2.618231352317387881e-03
3.171477369769428112e-07 1.423775873132020031e+00 2.599275559769640212e-03
3.167420042643923145e-07 1.425072842460293421e+00 2.580521774316860313e-03
3.163373083475297976e-07 1.426360471131823626e+00 2.561967100855479847e-03
3.159336452573373291e-07 1.427638858120177989e+00 2.543608696943173032e-03
3.155310110450297357e-07 1.428908100989040530e+00 2.525443771629877661e-03
3.151294017819261712e-07 1.430168295917694454e+00 2.507469584319596632e-03
3.147288135593220555e-07 1.431419537725942881e+00 2.489683443662049720e-03
3.143292424883622848e-07 1.432661919898483127e+00 2.472082706473257945e-03
3.139306846999154994e-07 1.433895534608746081e+00 2.454664776684193587e-03
3.135331363444490941e-07 1.435120472742217990e+00 2.437427104316642387e-03
3.131365935919055509e-07 1.436336823919256656e+00 2.420367184485463889e-03
3.127410526315789314e-07 1.437544676517414244e+00 2.403482556426441569e-03
3.123465096719932743e-07 1.438744117693278479e+00 2.386770802549004981e-03
3.119529609407811523e-07 1.439935233403850212e+00 2.370229547513029878e-03
3.115604026845637638e-07 1.441118108427459799e+00 2.353856457329054925e-03
3.111688311688311838e-07 1.442292826384243165e+00 2.337649238481189461e-03
3.107782426778242555e-07 1.443459469756181113e+00 2.321605637072076105e-03
3.103886335144170648e-07 1.444618119906721176e+00 2.305723437989236867e-03
3.099999999999999966e-07 1.445768857099980265e+00 2.290000464092217716e-03
